       N       E                     dE             d eps       ncg     rms          rms(c)
DAV:   1    -0.535144330959E+03   -0.53514E+03   -0.81264E-04  5384   0.465E-02
RMM:   2    -0.535144334041E+03   -0.30821E-05   -0.30822E-05  6409   0.630E-03
RMM:   3    -0.535144334015E+03    0.26477E-07   -0.42616E-06  9165   0.159E-03
RMM:   4    -0.535144334023E+03   -0.88185E-08   -0.27521E-07  6174   0.435E-04
RMM:   5    -0.535144334022E+03    0.18481E-08   -0.34216E-08  4567   0.294E-04
   1 F= -.58837481E+03 E0= -.58837481E+03  d E =0.000000E+00
